core.Hub0	275	98	0.0	0.0	core
core.Hub1	221	67	0.0	0.0	core
app0.M0	224	84	0.0	0.0	app0
app0.M1	247	96	0.0	0.0	app0
app0.M2	258	103	0.0	0.0	app0
app0.M3	266	76	0.0	0.0	app0
app0.M4	202	75	0.0	0.0	app0
app0.M5	258	60	0.0	0.0	app0
app0.M6	236	95	0.0	0.0	app0
app0.M7	219	110	0.0	0.0	app0
app0.M8	183	65	0.0	0.0	app0
app1.M0	210	63	0.0	0.0	app1
app1.M1	262	86	0.0	0.0	app1
app1.M2	231	75	0.0	0.0	app1
app2.M0	228	62	0.0	0.0	app2
app2.M1	276	70	0.0	0.0	app2
app2.M2	244	55	0.0	0.0	app2
app2.M3	242	75	0.0	0.0	app2
app2.M4	202	107	0.0	0.0	app2
app2.M5	235	83	0.0	0.0	app2
app2.M6	221	83	0.0	0.0	app2
app2.M7	259	67	0.0	0.0	app2
app2.M8	264	55	0.0	0.0	app2
app3.M0	184	66	0.0	0.0	app3
app3.M1	207	62	0.0	0.0	app3
app3.M2	224	101	0.0	0.0	app3
app3.M3	265	79	0.0	0.0	app3
app3.M4	246	58	0.0	0.0	app3
app3.M5	202	50	0.0	0.0	app3
app3.M6	243	106	0.0	0.0	app3
app3.M7	226	100	0.0	0.0	app3
app3.M8	243	60	0.0	0.0	app3
app3.M9	182	82	0.0	0.0	app3
app3.M10	212	105	0.0	0.0	app3
app4.M0	277	105	0.0	0.0	app4
app4.M1	256	77	0.0	0.0	app4
app4.M2	223	73	0.0	0.0	app4
app4.M3	224	87	0.0	0.0	app4
app4.M4	196	99	0.0	0.0	app4
app4.M5	234	97	0.0	0.0	app4
app5.M0	194	50	0.0	0.0	app5
app5.M1	230	51	0.0	0.0	app5
app5.M2	267	84	0.0	0.0	app5
app5.M3	272	101	0.0	0.0	app5
app5.M4	185	94	0.0	0.0	app5
app5.M5	197	75	0.0	0.0	app5
app5.M6	225	103	0.0	0.0	app5
app5.M7	219	58	0.0	0.0	app5
app5.M8	246	103	0.0	0.0	app5
app6.M0	224	77	0.0	0.0	app6
app6.M1	225	100	0.0	0.0	app6
app6.M2	279	107	0.0	0.0	app6
app6.M3	228	69	0.0	0.0	app6
app6.M4	249	87	0.0	0.0	app6
app6.M5	218	91	0.0	0.0	app6
app6.M6	277	98	0.0	0.0	app6
app6.M7	191	59	0.0	0.0	app6
app6.M8	236	62	0.0	0.0	app6
app6.M9	225	80	0.0	0.0	app6
app6.M10	202	104	0.0	0.0	app6
app6.M11	215	104	0.0	0.0	app6
app6.M12	185	58	0.0	0.0	app6
app6.M13	233	100	0.0	0.0	app6
app7.M0	241	56	0.0	0.0	app7
app7.M1	202	57	0.0	0.0	app7
app7.M2	220	60	0.0	0.0	app7
app7.M3	193	64	0.0	0.0	app7
app7.M4	262	75	0.0	0.0	app7
app7.M5	207	104	0.0	0.0	app7
app7.M6	257	91	0.0	0.0	app7
app8.M0	242	67	0.0	0.0	app8
app8.M1	230	75	0.0	0.0	app8
app8.M2	218	69	0.0	0.0	app8
app8.M3	252	89	0.0	0.0	app8
app8.M4	230	83	0.0	0.0	app8
app8.M5	257	58	0.0	0.0	app8
app8.M6	257	109	0.0	0.0	app8
app9.M0	278	102	0.0	0.0	app9
app9.M1	180	69	0.0	0.0	app9
app9.M2	242	76	0.0	0.0	app9
app9.M3	180	92	0.0	0.0	app9
app9.M4	261	99	0.0	0.0	app9
app9.M5	220	100	0.0	0.0	app9
app9.M6	251	83	0.0	0.0	app9
app9.M7	226	76	0.0	0.0	app9
app9.M8	201	92	0.0	0.0	app9
app9.M9	207	55	0.0	0.0	app9
app9.M10	184	73	0.0	0.0	app9
app9.M11	214	78	0.0	0.0	app9
app5.Address0	168	61	0.0	0.0	app5
app9.Tag1	180	41	0.0	0.0	app9
app9.Log2	164	47	0.0	0.0	app9
app5.File3	219	56	0.0	0.0	app5
app2.Tag4	217	67	0.0	0.0	app2
app2.File5	212	58	0.0	0.0	app2
app6.Tag6	180	61	0.0	0.0	app6
app3.Note7	194	54	0.0	0.0	app3
app0.Tag8	238	61	0.0	0.0	app0
app9.Log9	204	60	0.0	0.0	app9
app0.Note10	225	50	0.0	0.0	app0
app3.Tag11	179	62	0.0	0.0	app3
app0.Asset12	170	41	0.0	0.0	app0
app6.Log13	235	58	0.0	0.0	app6
app8.Asset14	182	59	0.0	0.0	app8
app3.Tag15	209	51	0.0	0.0	app3
app0.Log16	167	65	0.0	0.0	app0
app8.File17	172	62	0.0	0.0	app8
